1
2
3
4
5
6
8
9
11
12
14
16
21
22
25
26
28
29
30
33
35
37
39
40
41
43
47
48
49
52
53
54
55
57
59
63
65
67
68
75
79
80
81
82
89
92
93
95
96
97
98
99
101
102
103
104
105
107
108
109
110
112
119
120
122
129
131
134
135
136
142
144
146
148
150
153
154
156
158
161
162
163
169
170
171
172
174
175
176
177
179
182
183
184
186
187
189
190
191
193
194
195
197
198
206
207
208
212
215
216
217
219
220
222
227
228
229
231
234
236
240
242
249
252
253
254
255
256
259
260
263
264
273
278
280
281
282
287
290
293
294
295
297
298
299
300
301
303
304
305
308
311
312
315
316
317
318
319
321
322
326
330
332
336
337
338
339
342
343
347
349
350
351
352
355
356
362
364
365
366
367
368
370
375
376
380
381
383
384
385
386
388
389
393
394
396
398
399
400
401
402
403
404
408
409
410
411
415
416
419
421
422
423
424
425
426
431
432
433
435
438
440
441
443
444
445
447
448
450
451
452
453
455
457
458
459
460
463
467
468
471
474
475
478
480
481
485
486
487
489
490
497
500
507
509
510
514
516
520
521
523
524
531
532
533
534
537
539
540
541
542
543
545
546
552
553
554
559
562
565
566
567
569
571
575
578
579
580
583
584
585
588
590
592
597
599
601
604
609
610
611
614
615
616
618
620
622
623
624
625
627
628
629
631
634
635
637
639
640
642
644
647
649
650
652
655
656
659
660
661
662
664
665
667
670
671
674
678
679
680
685
688
691
692
697
704
705
706
707
712
714
715
716
718
724
725
726
727
730
731
732
733
734
738
739
744
747
748
750
753
756
758
760
761
762
764
767
770
771
773
774
776
779
782
785
787
789
791
792
793
794
796
797
800
802
804
806
807
808
810
811
812
817
819
820
822
823
826
828
829
830
831
832
833
837
841
843
844
845
846
848
849
851
852
855
858
859
860
862
863
864
867
870
873
878
881
884
885
886
887
889
890
891
893
899
901
902
903
904
905
907
909
911
913
916
920
922
923
925
928
929
932
933
934
935
936
937
939
940
943
946
948
949
953
954
956
957
958
960
967
969
970
971
972
975
977
978
979
980
981
983
984
985
988
989
990
991
992
996
998
999
1001
1003
1004
1007
1008
1011
1012
1014
1016
1020
1023
1024
1028
1029
1030
1031
1033
1038
1039
1040
1041
1042
1044
1045
1051
1052
1054
1055
1056
1057
1058
1060
1062
1063
1064
1065
1066
1067
1069
1070
1072
1073
1074
1076
1077
1078
1081
1082
1085
1087
1089
1091
1092
1093
1097
1098
1103
1107
1112
1113
1114
1115
1116
1117
1119
1121
1123
1124
1125
1127
1128
1129
1131
1133
1135
1136
1137
1140
1142
1143
1144
1146
1147
1148
1150
1154
1157
1158
1161
1162
1163
1164
1165
1170
1174
1175
1176
1179
1180
1186
1187
1188
1190
1192
1194
1196
1197
1200
1202
1203
1208
1211
1214
1215
1216
1219
1220
1221
1224
1226
1227
1228
1229
1230
1233
1235
1236
1237
1238
1241
1245
1246
1247
1250
1253
1255
1260
1262
1265
1266
1270
1271
1272
1274
1277
1280
1283
1285
1288
1289
1290
1292
1294
1295
1298
1299
1301
1304
1306
1307
1308
1311
1312
1313
1319
1321
1327
1328
1330
1331
1334
1335
1336
1337
1338
1339
1342
1344
1345
1348
1350
1353
1355
1360
1361
1363
1364
1368
1369
1370
1371
1372
1373
1379
1380
1381
1385
1386
1388
1389
1391
1393
1395
1396
1398
1400
1402
1404
1406
1408
1410
1411
1412
1413
1414
1415
1416
1417
1421
1424
1425
1426
1427
1428
1430
1431
1432
1434
1435
1437
1441
1442
1443
1449
1451
1452
1453
1456
1459
1462
1463
1464
1466
1467
1468
1475
1476
1477
1479
1480
1481
1485
1488
1491
1492
1493
1494
1500
1501
1503
1505
1506
1511
1512
1513
1515
1516
1517
1518
1519
1520
1523
1524
1526
1527
1528
1529
1530
1531
1533
1538
1541
1542
1543
1544
1548
1550
1551
1552
1554
1559
1564
1566
1567
1570
1573
1574
1575
1577
1579
1580
1583
1585
1586
1587
1588
1591
1592
1594
1597
1598
1606
1608
1609
1611
1614
1616
1617
1618
1619
1620
1623
1624
1625
1626
1627
1629
1630
1631
1632
1633
1636
1638
1640
1642
1646
1648
1651
1654
1656
1657
1659
1661
1663
1666
1668
1670
1672
1673
1674
1675
1677
1681
1688
1689
1691
1700
1701
1702
1703
1704
1705
1707
1708
1709
1710
1714
1716
1717
1720
1721
1723
1726
1728
1729
1732
1733
1734
1735
1736
1737
1743
1745
1747
1748
1751
1752
1753
1754
1755
1757
1759
1762
1764
1767
1773
1774
1775
1778
1779
1780
1782
1783
1785
1786
1787
1788
1792
1795
1798
1799
1800
1801
1802
1803
1804
1805
1806
1807
1809
1811
1816
1817
1818
1820
1823
1834
1835
1837
1838
1843
1844
1845
1846
1847
1848
1850
1851
1852
1853
1858
1860
1862
1863
1865
1866
1871
1874
1875
1876
1878
1880
1881
1884
1886
1889
1891
1892
1893
1896
1897
1898
1900
1901
1902
1903
1906
1907
1909
1910
1911
1912
1914
1921
1922
1925
1926
1928
1929
1930
1931
1932
1933
1936
1937
1940
1944
1947
1949
1950
1951
1954
1957
1958
1959
1960
1962
1963
1965
1968
1969
1973
1974
1978
1980
1981
1986
1989
1992
1993
1996
2001
2003
2006
2009
2012
2013
2014
2016
2019
2022
2025
2030
2031
2034
2038
2039
2046
2047
2048
2050
2052
2055
2056
2058
2059
2061
2065
2066
2072
2073
2074
2077
2078
2081
2083
2084
2085
2088
2092
2093
2096
2104
2105
2106
2108
2111
2115
2117
2118
2119
2120
2122
2127
2128
2129
2130
2131
2133
2136
2137
2139
2144
2146
2148
2149
2152
2153
2154
2155
2158
2161
2162
2166
2167
2168
2173
2178
2181
2182
2186
2188
2189
2193
2199
2200
2201
2204
2208
2212
2216
2220
2223
2224
2225
2228
2229
2232
2234
2239
2243
2244
2246
2247
2248
2249
2251
2252
2253
2255
2256
2260
2263
2264
2270
2271
2275
2278
2279
2280
2282
2285
2288
2291
2293
2294
2295
2298
2301
2304
2306
2307
2309
2310
2312
2313
2316
2320
2324
2325
2328
2335
2337
2338
2339
2340
2343
2350
2352
2353
2357
2359
2364
2366
2367
2371
2372
2373
2374
2376
2377
2380
2382
2383
2384
2386
2387
2388
2389
2391
2392
2393
2394
2397
2398
2399
2400
2402
2403
2408
2411
2412
2413
2414
2416
2420
2422
2425
2427
2434
2435
2444
2445
2447
2448
2450
2451
2452
2458
2459
2461
2466
2467
2468
2469
2471
2472
2473
2477
2478
2482
2483
2485
2487
2488
2490
2493
2494
2495
2499
2503
2504
2505
2506
2508
2510
2511
2512
2513
2514
2516
2518
2519
2522
2523
2524
2525
2528
2529
2532
2533
2534
2535
2542
2543
2544
2546
2548
2550
2552
2553
2554
2555
2557
2561
2562
2563
2564
2567
2568
2569
2570
2571
2572
2573
2575
2578
2579
2581
2583
2586
2587
2590
2592
2593
2594
2596
2597
2599
2601
2602
2603
2607
2608
2609
2610
2611
2612
2616
2617
2620
2621
2625
2626
2627
2628
2630
2633
2634
2635
2638
2640
2641
2648
2654
2656
2660
2664
2666
2668
2669
2670
2671
2675
2677
2678
2679
2682
2684
2685
2688
2692
2694
2695
2697
2699
2701
2702
2707
2711
2713
2718
2722
2723
2724
2728
2730
2732
2734
2737
2738
2740
2741
2742
2744
2745
2749
2752
2755
2756
2757
2758
2759
2760
2761
2772
2775
2776
2777
2778
2779
2780
2781
2783
2784
2785
2787
2791
2792
2793
2794
2795
2799
2800
2801
2802
2803
2804
2806
2807
2815
2817
2818
2819
2821
2822
2825
2826
2827
2833
2835
2836
2837
2838
2839
2840
2841
2843
2847
2849
2851
2852
2855
2856
2861
2864
2865
2866
2868
2869
2870
2874
2875
2876
2877
2878
2880
2882
2883
2884
2885
2886
2887
2888
2890
2892
2895
2898
2901
2904
2905
2906
2912
2913
2915
2916
2919
2922
2923
2925
2929
2932
2933
2935
2938
2942
2945
2946
2948
2951
2953
2956
2959
2960
2961
2962
2968
2971
2975
2979
2980
2981
2983
2987
2988
2996
2998
3000
3001
3002
3003
3005
3006
3013
3017
3020
3021
3022
3025
3026
3029
3030
3035
3036
3038
3042
3045
3046
3047
3048
3049
3052
3053
3054
3055
3056
3058
3059
3060
3062
3063
3064
3069
3077
3078
3079
3080
3084
3085
3087
3088
3089
3090
3091
3092
3093
3094
3097
3098
3105
3106
3108
3109
3111
3114
3116
3117
3120
3123
3124
3126
3128
3130
3131
3132
3135
3137
3138
3139
3140
3141
3147
3156
3157
3159
3161
3163
3165
3167
3170
3172
3178
3185
3191
3192
3193
3194
3195
3196
3197
3199
3200
3201
3202
3203
3205
3206
3207
3209
3211
3212
3217
3219
3222
3223
3225
3227
3228
3229
3230
3231
3235
3239
3242
3243
3246
3247
3250
3253
3254
3255
3256
3258
3259
3261
3264
3265
3266
3267
3269
3270
3272
3273
3274
3275
3276
3277
3278
3283
3285
3290
3292
3296
3297
3299
3300
3301
3302
3303
3306
3309
3311
3323
3325
3326
3328
3331
3333
3336
3337
3341
3342
3343
3344
3345
3350
3352
3356
3357
3358
3360
3362
3363
3364
3365
3366
3367
3368
3370
3372
3373
3374
3378
3379
3380
3381
3382
3383
3388
3389
3390
3392
3394
3395
3396
3397
3404
3406
3407
3411
3412
3415
3418
3419
3429
3430
3433
3434
3439
3442
3449
3451
3452
3454
3455
3458
3460
3461
3462
3463
3465
3468
3469
3470
3473
3474
3475
3476
3477
3480
3483
3484
3485
3488
3490
3492
3494
3495
3497
3498
3499
3500
3502
3503
3507
3510
3513
3514
3516
3517
3518
3521
3522
3523
3524
3526
3530
3535
3536
3539
3540
3541
3542
3543
3545
3546
3547
3549
3553
3554
3555
3557
3561
3563
3564
3565
3568
3569
3570
3572
3576
3577
3578
3579
3581
3582
3584
3589
3591
3595
3597
3598
3599
3600
3602
3603
3604
3605
3607
3608
3610
3612
3613
3615
3616
3617
3618
3625
3626
3627
3628
3629
3632
3634
3635
3639
3641
3645
3649
3651
3653
3654
3658
3659
3661
3662
3663
3666
3667
3672
3674
3676
3677
3678
3679
3681
3685
3686
3688
3689
3690
3693
3696
3697
3698
3701
3702
3704
3706
3707
3708
3709
3713
3714
3716
3717
3718
3721
3722
3723
3724
3725
3728
3729
3730
3731
3732
3733
3734
3735
3736
3738
3739
3740
3744
3745
3747
3748
3757
3758
3759
3761
3762
3764
3766
3769
3773
3774
3776
3777
3778
3779
3782
3787
3791
3794
3795
3797
3800
3802
3807
3809
3812
3813
3814
3816
3817
3826
3827
3828
3831
3833
3834
3835
3838
3839
3840
3841
3844
3848
3849
3850
3853
3856
3857
3858
3859
3860
3862
3866
3870
3873
3876
3877
3879
3880
3881
3886
3889
3891
3892
3893
3894
3895
3897
3899
3901
3902
3903
3908
3909
3911
3917
3920
3921
3922
3923
3924
3925
3927
3931
3933
3937
3940
3941
3942
3944
3945
3947
3949
3950
3951
3952
3953
3954
3955
3956
3959
3960
3962
3963
3964
3965
3966
3971
3972
3974
3977
3981
3984
3987
3990
3991
3993
3994
3996
3997
4001
4005
4007
4010
4011
4013
4019
4020
4021
4022
4023
4024
4025
4030
4031
4033
4035
4036
4037
4038
