0
2
3
4
5
7
9
16
18
19
21
22
23
24
26
27
28
31
32
33
35
37
38
40
41
43
44
47
50
53
54
55
56
57
59
60
61
63
65
66
67
68
72
75
76
77
78
80
83
91
92
93
95
97
98
99
102
103
105
106
113
114
117
119
124
127
128
129
130
132
134
136
141
143
144
148
149
150
154
155
156
157
158
161
165
168
169
170
171
172
175
177
178
183
185
188
189
190
193
194
195
196
197
198
200
202
203
204
207
210
211
212
214
216
218
219
220
222
223
224
225
226
227
233
237
238
240
241
243
248
252
253
254
257
261
262
264
265
267
269
273
277
278
284
285
287
289
290
291
292
295
296
301
304
305
314
317
318
321
324
326
327
328
329
331
332
333
334
335
336
337
338
339
342
343
346
347
348
349
353
354
355
356
358
359
360
368
369
372
375
376
377
378
379
383
384
388
389
390
391
392
394
395
396
397
400
401
403
405
409
410
414
416
417
418
419
420
423
427
428
432
434
437
439
440
442
443
444
445
446
448
449
454
455
456
457
458
459
460
461
463
464
465
466
468
471
472
474
476
477
478
479
481
484
485
487
488
490
493
494
495
497
499
500
501
505
506
510
511
512
514
515
517
522
523
525
526
528
529
533
536
537
541
544
545
548
551
552
557
558
559
560
562
566
569
570
571
572
573
574
575
576
577
580
581
584
585
586
587
588
589
591
595
597
602
604
605
606
607
609
611
613
615
616
617
618
620
621
622
623
626
627
628
634
637
640
642
643
644
645
649
650
651
654
657
658
660
664
667
669
671
672
677
680
681
682
684
685
688
689
691
692
693
694
697
699
705
706
708
711
713
714
715
719
721
722
724
726
727
728
729
730
733
739
740
742
747
749
750
752
753
754
755
759
762
763
765
766
769
772
775
777
779
781
782
785
788
789
791
792
795
796
797
801
802
803
804
812
813
815
816
817
818
819
821
823
824
826
830
831
832
833
835
836
837
852
854
855
856
857
859
861
863
864
866
869
871
873
874
875
877
882
885
886
889
890
891
893
894
896
900
902
903
904
907
908
909
910
911
912
913
915
916
918
920
924
925
927
928
929
931
933
936
941
943
944
945
946
951
952
953
954
955
956
959
960
961
962
965
966
967
968
970
978
980
981
982
983
989
990
991
996
998
999
1003
1006
1012
1014
1015
1016
1020
1022
1023
1024
1025
1026
1027
1032
1033
1035
1036
1044
1045
1047
1050
1051
1055
1057
1063
1064
1065
1071
1076
1079
1080
1081
1087
1089
1090
1091
1093
1095
1099
1104
1110
1113
1116
1119
1121
1124
1126
1127
1128
1130
1138
1139
1141
1143
1144
1146
1147
1149
1152
1155
1157
1163
1165
1168
1169
1172
1175
1176
1177
1178
1179
1181
1183
1184
1190
1192
1193
1194
1195
1198
1199
1201
1203
1204
1205
1206
1210
1211
1215
1216
1218
1224
1230
1232
1234
1235
1236
1239
1241
1243
1244
1247
1249
1252
1257
1258
1262
1263
1265
1268
1270
1271
1272
1273
1276
1280
1282
1284
1285
1286
1288
1289
1290
1293
1297
1298
1299
1300
1302
1303
1304
1307
1308
1309
1310
1311
1313
1314
1319
1322
1325
1326
1327
1329
1330
1331
1333
1334
1335
1345
1346
1350
1351
1352
1358
1359
1360
1364
1366
1368
1372
1379
1381
1382
1383
1386
1390
1391
1394
1396
1399
1400
1401
1402
1407
1409
1411
1413
1421
1422
1423
1426
1429
1431
1432
1434
1435
1436
1437
1439
1440
1441
1442
1444
1445
1449
1454
1455
1457
1460
1462
1466
1467
1468
1471
1472
1473
1476
1478
1479
1480
1481
1482
1486
1494
1499
1501
1502
1507
1508
1509
1511
1512
1515
1516
1518
1520
1521
1525
1526
1528
1529
1530
1532
1533
1534
1537
1538
1540
1541
1542
1543
1546
1547
1552
1553
1554
1556
1557
1559
1564
1566
1571
1572
1577
1578
1579
1580
1581
1585
1587
1588
1592
1593
1594
1595
1597
1601
1604
1605
1606
1607
1608
1609
1611
1612
1615
1620
1622
1623
1624
1627
1635
1636
1638
1640
1641
1642
1644
1645
1649
1650
1652
1654
1656
1658
1660
1666
1667
1668
1669
1672
1673
1675
1677
1680
1681
1682
1689
1690
1693
1695
1699
1700
1701
1704
1707
1708
1710
1716
1717
1718
1719
1722
1723
1724
1725
1726
1727
1728
1731
1732
1734
1735
1736
1737
1738
1739
1740
1742
1745
1749
1751
1752
1753
1756
1757
1759
1762
1763
1764
1766
1770
1773
1774
1775
1776
1777
1778
1781
1783
1786
1787
1795
1797
1798
1801
1803
1806
1807
1808
1812
1813
1814
1816
1818
1819
1820
1821
1824
1825
1826
1829
1830
1832
1833
1834
1839
1841
1842
1846
1847
1849
1852
1853
1854
1855
1856
1857
1862
1863
1866
1868
1872
1873
1879
1880
1882
1883
1884
1887
1889
1891
1892
1894
1895
1896
1897
1898
1902
1903
1905
1906
1908
1913
1915
1925
1926
1927
1928
1929
1930
1932
1934
1935
1937
1938
1939
1941
1942
1944
1945
1949
1953
1954
1956
1958
1959
1960
1961
1963
1968
1969
1970
1971
1972
1973
1976
1983
1986
1988
1989
1990
1994
1995
1996
1999
2000
2003
2007
2008
2009
2010
2011
2017
2018
2019
2021
2024
2027
2029
2037
2044
2050
2052
2053
2055
2056
2061
2062
2065
2066
2069
2070
2071
2072
2073
2075
2080
2081
2083
2088
2089
2092
2093
2095
2097
2098
2099
2102
2104
2106
2107
2108
2109
2111
2112
2116
2118
2119
2121
2122
2123
2125
2126
2127
2129
2133
2134
2136
2138
2139
2140
2143
2147
2150
2151
2153
2154
2155
2157
2158
2160
2162
2163
2165
2170
2172
2175
2179
2180
2181
2182
2185
2186
2188
2190
2194
2195
2198
2202
2204
2205
2206
2207
2208
2209
2210
2211
2213
2219
2220
2221
2222
2223
2225
2230
2231
2233
2236
2238
2239
2242
2243
2245
2248
2250
2252
2253
2259
2262
2266
2267
2268
2269
2270
2272
2273
2278
2280
2281
2282
2287
2290
2292
2293
2295
2298
2301
2302
2303
2308
2312
2314
2316
2318
2319
2320
2321
2323
2324
2326
2328
2330
2331
2334
2335
2336
2338
2339
2340
2342
2343
2345
2346
2348
2350
2353
2355
2356
2357
2359
2361
2363
2364
2371
2372
2373
2376
2381
2382
2384
2388
2389
2390
2391
2393
2394
2395
2398
2404
2405
2408
2409
2410
2411
2413
2414
2415
2418
2421
2422
2424
2425
2426
2430
2431
2432
2433
2437
2439
2440
2442
2445
2446
2447
2452
2453
2454
2455
2456
2457
2458
2459
2460
2465
2468
2470
2471
2472
2475
2477
2478
2479
2485
2486
2487
2489
2491
2493
2495
2498
2499
2500
2502
2503
2506
2508
2509
2511
2518
2519
2523
2524
2525
2528
2530
2531
2533
2534
2535
2536
2537
2538
2540
2541
2543
2544
2545
2546
2552
2554
2557
2558
2559
2566
2573
2575
2577
2578
2580
2581
2583
2584
2588
2589
2591
2597
2598
2600
2601
2605
2606
2607
2609
2614
2615
2618
2619
2620
2621
2622
2623
2624
2625
2627
2628
2632
2633
2635
2636
2638
2639
2643
2644
2646
2647
2648
2650
2651
2652
2653
2654
2655
2656
2657
2662
2664
2667
2669
2671
2672
2680
2681
2682
2684
2685
2688
2690
2691
2693
2696
2697
2698
2702
2704
2705
2706
2708
2712
2714
2715
2718
2719
2720
2722
2726
2729
2731
2734
2735
2736
2737
2741
2745
2748
2752
2755
2760
2762
2764
2767
2768
2771
2777
2780
2783
2785
2787
2788
2789
2791
2792
2795
2796
2797
2799
2805
2812
2814
2816
2817
2819
2820
2823
2824
2826
2831
2832
2834
2835
2836
2838
2839
2841
2842
2843
2844
2845
2847
2850
2851
2852
2853
2854
2858
2859
2862
2866
2867
2869
2870
2871
2872
2874
2875
2876
2877
2879
2880
2883
2884
2887
2888
2889
2891
2892
2893
2894
2895
2896
2897
2898
2899
2900
2901
2903
2906
2908
2909
2910
2913
2919
2921
2925
2927
2929
2932
2934
2935
2936
2941
2943
2944
2945
2949
2951
2952
2953
2954
2955
2957
2958
2961
2962
2963
2964
2967
2969
2971
2973
2975
2977
2979
2980
2982
2983
2984
2988
2991
2992
2993
2999
3003
3004
3005
3006
3007
3008
3009
3011
3012
3013
3014
3015
3018
3019
3020
3021
3022
3024
3025
3027
3028
3030
3031
3036
3039
3041
3043
3045
3046
3048
3049
3052
3053
3055
3059
3060
3063
3064
3066
3067
3068
3070
3072
3073
3075
3076
3078
3080
3082
3084
3086
3088
3091
3092
3095
3096
3098
3099
3100
3101
3104
3107
3108
3111
3116
3117
3118
3119
3120
3121
3122
3123
3125
3127
3129
3133
3136
3138
3139
3141
3142
3145
3146
3147
3150
3151
3153
3154
3157
3158
3159
3162
3165
3167
3168
3172
3174
3176
3178
3179
3180
3181
3182
3184
3185
3188
3189
3190
3196
3197
3201
3202
3203
3205
3207
3208
3209
3213
3215
3216
3217
3218
3219
3222
3223
3226
3227
3231
3232
3233
3234
3235
3236
3237
3240
3241
3242
3243
3246
3247
3255
3256
3257
3258
3261
3263
3264
3265
3266
3268
3275
3280
3281
3283
3287
3289
3292
3293
3294
3296
3300
3304
3305
3306
3309
3310
3313
3314
3317
3319
3320
3326
3331
3335
3337
3340
3341
3342
3343
3344
3345
3348
3349
3350
3352
3355
3356
3358
3359
3361
3363
3365
3366
3370
3372
3373
3378
3379
3380
3381
3382
3383
3384
3386
3388
3389
3394
3402
3403
3405
3406
3408
3411
3412
3414
3415
3417
3418
3420
3421
3423
3424
3425
3428
3431
3432
3433
3434
3437
3438
3440
3445
3446
3449
3452
3453
3454
3459
3460
3462
3464
3465
3467
3468
3471
3473
3475
3478
3479
3481
3484
3485
3487
3489
3492
3494
3495
3496
3499
3500
3501
3503
3504
3506
3508
3509
3511
3512
3513
3514
3515
3516
3517
3519
3520
3522
3523
3524
3526
3527
3528
3530
3532
3534
3538
3540
3544
3548
3549
3550
3552
3554
3557
3558
3561
3562
3563
3564
3565
3566
3569
3570
3572
3575
3577
3581
3582
3583
3586
3591
3595
3597
3602
3604
3611
3613
3615
3617
3622
3623
3625
3626
3631
3633
3634
3636
3637
3638
3639
3640
3643
3644
3646
3650
3651
3652
3656
3657
3658
3660
3661
3662
3663
3664
3667
3668
3669
3670
3671
3672
3675
3676
3681
3683
3684
3687
3688
3691
3693
3696
3699
3700
3701
3703
3704
3706
3707
3710
3713
3715
3719
3721
3722
3725
3726
3727
3732
3734
3735
3737
3738
3740
3742
3744
3754
3756
3757
3758
3759
3760
3762
3765
3769
3771
3772
3775
3778
3781
3782
3789
3790
3791
3792
3794
3795
3799
3803
3804
3805
3809
3810
3811
3814
3816
3818
3819
3820
3822
3824
3825
3826
3828
3829
3830
3831
3836
3837
3838
3839
3840
3841
3843
3846
3847
3848
3849
3850
3853
3854
3855
3856
3857
3861
3863
3864
3865
3866
3867
3868
3871
3873
3875
3876
3877
3878
3879
3882
3885
3886
3891
3893
3894
3895
3897
3898
3901
3907
3909
3910
3911
3913
3916
3918
3922
3923
3924
3934
3935
3938
3939
3941
3942
3945
3947
3949
3954
3956
3958
3959
3960
3961
3964
3968
3969
3972
3974
3977
3980
3984
3986
3988
3991
3994
3995
3996
3997
4000
4002
4003
4004
4005
4006
4009
4011
4012
4014
4015
4017
4018
4019
4021
4023
4026
4029
4033
4038
